0
1
1
1
1
1
1
2
1
4
1
1
1
2
2
1
1
1
1
1
1
1
1
26
1
1
1
1
6
1
1
1
1
1
1
1
1
2
1
1
1
1
1
1
1
1
1
1
1
1
1
1
1
1
1
1
1
1
1
26
1
1
2
1
1
1
1
1
1
1
1
1
1
1
5
1
26
1
5
1
1
6
1
1
2
2
2
1
1
1
1
1
1
1
1
1
1
1
26
1
1
1
4
2
1
1
1
1
1
1
1
1
1
7
1
1
1
1
1
1
1
1
1
1
1
1
1
1
1
1
1
1
1
1
1
1
1
1
2
1
8
1
1
1
1
1
1
26
1
1
1
1
1
1
1
1
1
1
1
1
1
1
1
1
4
1
1
1
1
1
1
1
1
1
1
1
6
1
1
26
1
1
10
1
26
26
8
8
1
26
1
1
1
4
1
1
1
1
26
4
4
2
1
26
26
1
1
1
1
26
6
26
1
9
10
8
1
8
1
26
26
26
26
26
26
26
26
26
26
26
26
26
26
26
26
26
26
26
26
26
26
26
26
26
26
26
26
26
26
26
26
26
26
26
1
1
1
1
4
6
6
1
8
5
5
7
7
2
2
9
1
1
2
26
26
1
9
1
1
1
1
1
1
1
1
1
1
1
1
1
1
1
1
1
1
1
2
2
2
2
2
2
1
1
23
1
1
0
1
1
1
0
2
1
1
0
0
1
0
0
8
1
8
49
8
1
8
1
1
1
1
1
7
1
7
1
1
8
1
1
1
9
1
1
2
1
10
10
10
10
10
10
1
1
1
1
26
1
1
26
1
1
5
1
1
1
1
6
26
26
26
26
1
1
1
8
1
1
2
7
1
1
1
1
1
1
1
1
1
1
1
1
1
1
1
1
1
1
1
1
6
6
6
6
6
6
6
6
6
6
6
6
6
6
1
7
7
7
7
7
7
7
7
7
7
7
7
7
7
7
5
5
5
5
5
5
5
5
5
5
5
5
5
5
1
16
16
16
16
16
16
16
16
16
16
16
16
16
16
16
4
4
4
4
4
4
4
4
4
4
4
4
4
4
4
2
2
2
2
2
2
2
2
2
2
2
2
2
2
2
9
9
9
9
9
9
9
9
9
9
9
9
9
9
9
8
8
8
8
8
8
8
8
8
8
8
8
8
8
8
17
17
17
17
17
17
17
17
17
17
17
17
17
17
17
1
1
1
1
1
1
1
1
1
1
1
1
1
1
1
20
20
20
20
20
20
20
20
20
20
20
20
20
20
20
21
21
21
21
21
21
21
21
21
21
21
21
21
21
21
47
47
47
47
47
47
47
47
22
22
22
22
22
22
22
23
23
23
23
23
23
23
23
23
23
23
23
23
23
23
24
24
24
24
24
24
24
24
24
24
24
24
24
24
25
25
25
25
25
25
25
25
25
25
25
25
25
25
25
25
26
26
26
26
26
26
26
26
26
26
26
26
26
26
26
27
27
27
27
27
27
27
27
27
27
27
27
27
27
27
2
22
25
2
6
6
6
6
6
6
6
7
5
4
2
8
9
32
4
4
26
23
22
17
21
20
24
25
27
26
10
10
10
10
10
10
10
10
10
10
10
10
10
10
10
32
32
32
32
32
32
32
32
32
32
32
32
32
32
32
31
31
31
31
31
31
31
31
31
31
31
31
31
31
31
31
31
31
31
5
5
5
5
5
2
5
2
8
2
8
5
2
8
5
5
5
5
5
5
5
8
2
4
6
5
8
7
9
8
8
4
2
4
2
2
6
6
6
25
26
4
7
1
9
8
1
26
26
26
26
26
2
4
5
6
8
7
4
6
5
6
7
4
8
17
21
22
23
25
32
6
7
4
8
17
21
22
23
25
16
6
7
4
8
17
21
22
23
25
32
28
1
1
1
1
1
1
1
1
1
1
1
1
1
1
1
1
1
1
1
1
1
1
1
1
1
1
1
1
1
1
1
1
1
1
1
1
1
1
1
1
1
1
1
1
1
1
1
1
1
1
1
1
1
1
1
1
1
1
1
1
1
1
1
1
1
1
1
1
1
1
1
1
1
1
1
1
1
1
1
1
1
1
1
1
1
1
1
1
1
1
1
1
1
1
1
1
1
1
1
1
1
1
1
1
1
1
1
1
1
1
1
1
1
1
1
1
1
1
1
1
1
1
1
1
1
1
1
1
1
1
1
1
1
1
1
1
1
1
1
1
1
1
1
48
1
1
1
1
1
1
1
10
1
16
1
1
1
1
1
1
3
6
7
5
16
6
6
6
6
6
6
6
6
6
6
6
6
6
6
6
6
7
7
7
7
7
7
7
7
7
7
7
7
7
7
7
7
8
8
8
8
8
8
8
8
8
8
8
8
8
8
8
8
5
5
5
5
5
5
5
5
5
5
5
5
5
5
5
5
2
2
2
2
2
2
2
2
2
2
2
2
2
2
2
2
4
4
4
4
4
4
4
4
4
4
4
4
4
4
4
4
20
20
20
20
20
20
20
20
20
20
20
20
21
21
21
21
21
21
21
21
21
21
21
21
17
17
17
17
17
17
17
17
17
17
17
17
47
47
47
47
47
47
22
22
22
22
22
47
23
23
23
23
23
23
23
23
23
23
23
23
24
24
24
24
24
24
24
24
24
24
24
24
25
25
25
25
25
25
25
25
25
25
25
25
27
27
27
27
27
27
27
27
27
27
27
27
26
26
26
26
26
26
26
26
26
26
26
26
46
46
46
46
46
43
43
43
43
43
44
44
44
44
44
45
45
45
45
45
9
9
9
9
9
9
9
9
9
9
9
9
9
9
9
10
10
10
10
10
10
10
10
10
10
10
10
10
10
10
10
10
32
32
32
32
32
32
32
32
32
32
32
32
32
32
32
32
31
31
31
31
31
31
31
31
31
31
31
31
6
7
5
4
2
9
8
10
1
1
1
1
1
1
1
1
1
1
1
1
6
7
5
4
2
8
9
32
1
1
1
1
1
1
1
1
1
1
1
1
1
1
1
1
1
1
1
1
1
1
0
0
0
0
1
0
84
48
0
-80
0
1
1
